1|INTER|2D|2019|01|||E0030|1712||28|7|445|21|
2|INTER|2D|2019|02|||E0030|6842||13|4|509|9|
3|INTER|2D|2019|03|||E0030|3212||11|2|438|9|
4|INTER|2D|2019|04|||E0030|6720||21|1|538|20|
5|INTER|2D|2019|05|||E0030|6362||11|5|455|6|
6|INTER|2D|2019|06|||E0030|5212||9|3|446|6|
7|INTER|2D|2019|07|||E0030|3642||15|7|433|8|
8|INTER|2D|2019|08|||E0030|5432||18|4|474|14|
9|INTER|2D|2019|09|||E0030|140||47|13|423|34|
10|INTER|2D|2019|10|||E0030|4642||26|7|470|19|
11|INTER|2D|2019|11|||E0030|6502||18|1|519|17|
12|INTER|2D|2019|12|||E0030|141||24|7|427|17|
13|INTER|2D|2019|13|||E0030|7002||11|1|482|10|
14|INTER|2D|2019|14|||E0030|6962||19|1|536|18|
15|INTER|2D|2019|15|||E0030|1850||15|0|434|15|
16|INTER|2D|2019|16|||E0030|6043||22|3|511|19|
17|INTER|2D|2019|17|||E0030|6732||22|1|494|21|
18|INTER|2D|2019|18|||E0030|3540||39|15|436|24|
19|INTER|2D|2019|19|||E0030|140||24|16|421|8|
20|INTER|2D|2019|20|||E0030|140||29|11|421|18|
21|INTER|2D|2019|21|||E0030|3742||11|4|432|7|
22|INTER|2D|2019|22|||E0030|8362||2|1|451|1|
23|INTER|2D|2019|23|||E0030|8010||6|0|469|6|
24|INTER|2D|2019|24|||E0030|140||102|54|423|50|
25|INTER|2D|2019|25|||E0030|140||92|54|435|38|
26|INTER|2D|2019|27|||E0030|0||0|0|34|0|
27|INTER|2D|2019|28|||E0030|12380||10|1|51|9|
28|INTER|2D|2019|31|||E0030|18112||3|0|31|3|
29|INTER|2D|2019|32|||E0030|11650||3|1|28|2|
30|INTER|2D|2019|33|||E0030|1710||7|4|15|3|
31|INTER|2D|2019|43|||E0030|0||0|0|0|0|
32|INTER|2D|2019|01|||L0080|3220||12|5|250|7|
33|INTER|2D|2019|02|||L0080|1850||15|3|257|12|
34|INTER|2D|2019|03|||L0080|1140||8|3|237|5|
35|INTER|2D|2019|04|||L0080|4690||14|3|284|11|
36|INTER|2D|2019|05|||L0080|5042||5|0|260|5|
37|INTER|2D|2019|06|||L0080|2220||6|1|246|5|
38|INTER|2D|2019|07|||L0080|1642||8|3|239|5|
39|INTER|2D|2019|08|||L0080|2743||11|3|247|8|
40|INTER|2D|2019|09|||L0080|680||19|2|236|17|
41|INTER|2D|2019|10|||L0080|1743||18|4|250|14|
42|INTER|2D|2019|11|||L0080|3643||16|4|273|12|